company,ticker,published_at,doc_class,doc_kind,resolved_period,period_confidence,corpus_period_field,title,source_file
Analog Devices,ADI,2026-06-02,CONFERENCE,call-conf-pres,,1.0,FY 2026,Semiconductor Industry and Business Evolution Discussion,challenge/offline-data/analog-devices/call-transcripts/2026-06-02__adi-us-20260602-call-conf-pres__1135032.md
Analog Devices,ADI,2026-06-02,CONFERENCE,call-conf-qna,,1.0,Q2 2026,Semiconductor Market and Business Strategy Discussion,challenge/offline-data/analog-devices/call-transcripts/2026-06-02__adi-us-20260602-call-conf-qna__1135033.md
Analog Devices,ADI,2026-05-20,EARNINGS_CALL,call-pres,FY2026Q2,1.0,Q2 2026,Second Quarter Earnings Call,challenge/offline-data/analog-devices/call-transcripts/2026-05-20__adi-us-20260520-call-pres__1041157.md
Analog Devices,ADI,2026-05-20,EARNINGS_CALL,call-qna,FY2026Q2,1.0,Q2 2026,Earnings Call Q&A,challenge/offline-data/analog-devices/call-transcripts/2026-05-20__adi-us-20260520-call-qna__1041159.md
Analog Devices,ADI,2026-05-20,STRUCTURED_RESULT,q2-10q,FY2026Q2,1.0,Q3 2026,Quarterly Report on Form 10-Q,challenge/offline-data/analog-devices/filings/2026-05-20__adi-us-20260520-q2-10q__1040607.md
Analog Devices,ADI,2026-05-20,STRUCTURED_RESULT,q2-8k,FY2026Q2,1.0,Q2 2026,Second Quarter Financial Results and Third Quarter Outlook,challenge/offline-data/analog-devices/filings/2026-05-20__adi-us-20260520-q2-8k-2__1040614.md
Analog Devices,ADI,2026-05-20,STRUCTURED_RESULT,q2-8k,FY2026Q2,1.0,Q2 2026,Fiscal Second Quarter Financial Results and Third Quarter Outlook,challenge/offline-data/analog-devices/filings/2026-05-20__adi-us-20260520-q2-8k__1040581.md
Analog Devices,ADI,2026-03-03,CONFERENCE,call-conf-pres,,1.0,Q2 2026,Semiconductor Research Conference Call,challenge/offline-data/analog-devices/call-transcripts/2026-03-03__adi-us-20260303-call-conf-pres__662484.md
Analog Devices,ADI,2026-03-03,CONFERENCE,call-conf-qna,,1.0,Q2 2026,Market Segment Performance and Strategic Outlook,challenge/offline-data/analog-devices/call-transcripts/2026-03-03__adi-us-20260303-call-conf-qna__662485.md
Analog Devices,ADI,2026-02-18,EARNINGS_CALL,call-pres,FY2026Q1,1.0,Q1 2026,First Quarter Earnings Conference Call,challenge/offline-data/analog-devices/call-transcripts/2026-02-18__adi-us-20260218-call-pres__602364.md
Analog Devices,ADI,2026-02-18,EARNINGS_CALL,call-qna,FY2026Q1,1.0,Q1 2026,Q1 Earnings Call Q&A,challenge/offline-data/analog-devices/call-transcripts/2026-02-18__adi-us-20260218-call-qna__602365.md
Analog Devices,ADI,2026-02-18,STRUCTURED_RESULT,q1-10q,FY2026Q1,1.0,Q1 2026,Quarterly Report,challenge/offline-data/analog-devices/filings/2026-02-18__adi-us-20260218-q1-10q__602087.md
Analog Devices,ADI,2026-02-18,STRUCTURED_RESULT,q1-8k,FY2026Q1,1.0,Q1 2026,Fiscal First Quarter Financial Results,challenge/offline-data/analog-devices/filings/2026-02-18__adi-us-20260218-q1-8k-2__602115.md
Analog Devices,ADI,2026-02-09,GENERIC_FILING,filing,FY2026Q1,1.0,FY 2026,Shareholder Presentation on Special Meeting Rights Proposal,challenge/offline-data/analog-devices/filings/2026-02-09__adi-us-20260209-filing__597020.md
Analog Devices,ADI,2026-01-23,GENERIC_FILING,filing,,1.0,FY 2026,Annual Meeting Proxy Statement,challenge/offline-data/analog-devices/filings/2026-01-23__adi-us-20260123-filing-2__403453.md
Analog Devices,ADI,2026-01-23,GENERIC_FILING,filing,,1.0,FY 2025,Annual Meeting Notice and Proxy Statement,challenge/offline-data/analog-devices/filings/2026-01-23__adi-us-20260123-filing__403452.md
Analog Devices,ADI,2025-12-02,CONFERENCE,call-conf-pres,,1.0,FY 2025,Semiconductor Industry Conference Call,challenge/offline-data/analog-devices/call-transcripts/2025-12-02__adi-us-20251202-call-conf-pres-3__381899.md
Analog Devices,ADI,2025-11-25,EARNINGS_CALL,call-q4-pres,FY2025Q4,1.0,Q4 2025,Fourth Quarter and Fiscal Year 2025 Earnings Conference Call,challenge/offline-data/analog-devices/call-transcripts/2025-11-25__adi-us-20251125-call-q4-pres-3__361121.md
Analog Devices,ADI,2025-11-25,EARNINGS_CALL,call-q4-pres,FY2025Q4,1.0,Q4 2025,Fourth Quarter and Full Fiscal Year Earnings Conference Call,challenge/offline-data/analog-devices/call-transcripts/2025-11-25__adi-us-20251125-call-q4-pres__361104.md
Analog Devices,ADI,2025-11-25,STRUCTURED_RESULT,q4-10k,FY2025Q4,1.0,FY 2025,Annual Report,challenge/offline-data/analog-devices/filings/2025-11-25__adi-us-20251125-q4-10k__361135.md
Analog Devices,ADI,2025-11-25,STRUCTURED_RESULT,q4-8k,FY2025Q4,1.0,FY 2025,Fourth Quarter and Fiscal Year Financial Results,challenge/offline-data/analog-devices/filings/2025-11-25__adi-us-20251125-q4-8k__361005.md
Analog Devices,ADI,2025-11-12,SLIDE,slide,FY2025Q4,1.0,FY 2025,Fiscal Year 2025 Overview and Long-Term Strategy,challenge/offline-data/analog-devices/slides/2025-11-12__adi-us-20251112-slide__968955.md
Analog Devices,ADI,2025-09-16,CONFERENCE,call-conf-pres,,1.0,Q4 2025,Analyst Conference Introduction,challenge/offline-data/analog-devices/call-transcripts/2025-09-16__adi-us-20250916-call-conf-pres__145887.md
Analog Devices,ADI,2025-09-16,CONFERENCE,call-conf-qna,,1.0,"Q3 2025, Q4 2025 Outlook",Semiconductor Market and Business Strategy Discussion,challenge/offline-data/analog-devices/call-transcripts/2025-09-16__adi-us-20250916-call-conf-qna__145889.md
Analog Devices,ADI,2025-09-05,CONFERENCE,call-conf-pres,,1.0,Q4 2025,Semiconductor Industry Conference Discussion,challenge/offline-data/analog-devices/call-transcripts/2025-09-05__adi-us-20250905-call-conf-pres__144897.md
Analog Devices,ADI,2025-09-05,CONFERENCE,call-conf-qna,,1.0,Q3 2025,Business Outlook and Financial Strategy Discussion,challenge/offline-data/analog-devices/call-transcripts/2025-09-05__adi-us-20250905-call-conf-qna__144899.md
Analog Devices,ADI,2025-09-04,CONFERENCE,call-conf-pres,,1.0,Q4 2025,Semiconductor Industry Conference Call,challenge/offline-data/analog-devices/call-transcripts/2025-09-04__adi-us-20250904-call-conf-pres-2__487827.md
Analog Devices,ADI,2025-08-21,STRUCTURED_RESULT,q3-10q,FY2025Q3,1.0,Q3 2025,Quarterly Report,challenge/offline-data/analog-devices/filings/2025-08-21__adi-us-20250821-q3-10q__143765.md
Analog Devices,ADI,2025-08-20,EARNINGS_CALL,call-pres,FY2025Q3,1.0,Q3 2025,Third Quarter Fiscal Year Earnings Conference Call,challenge/offline-data/analog-devices/call-transcripts/2025-08-20__adi-us-20250820-call-pres__143760.md
Analog Devices,ADI,2025-08-20,EARNINGS_CALL,call-qna,FY2025Q3,1.0,Q3 2025,Q3 Earnings Call Q&A,challenge/offline-data/analog-devices/call-transcripts/2025-08-20__adi-us-20250820-call-qna__143762.md
Analog Devices,ADI,2025-08-20,STRUCTURED_RESULT,q3-10q,FY2025Q3,1.0,Q3 2025,Quarterly Financial Results and Operations Review,challenge/offline-data/analog-devices/filings/2025-08-20__adi-us-20250820-q3-10q__143734.md
Analog Devices,ADI,2025-08-20,STRUCTURED_RESULT,q3-8k,FY2025Q3,1.0,Q3 2025,Third Quarter Financial Results and Fourth Quarter Outlook,challenge/offline-data/analog-devices/filings/2025-08-20__adi-us-20250820-q3-8k__155976.md
Analog Devices,ADI,2025-05-29,CONFERENCE,call-conf-pres,,1.0,Q3,Semiconductor Sector Conference Presentation,challenge/offline-data/analog-devices/call-transcripts/2025-05-29__adi-us-20250529-call-conf-pres__40004.md
Analog Devices,ADI,2025-05-29,CONFERENCE,call-conf-qna,,1.0,Q2 2025,Q2 Earnings Call and Business Outlook,challenge/offline-data/analog-devices/call-transcripts/2025-05-29__adi-us-20250529-call-conf-qna__40023.md
Analog Devices,ADI,2025-05-22,EARNINGS_CALL,call-pres,FY2025Q2,1.0,Q2 2025,Second Quarter Earnings Call,challenge/offline-data/analog-devices/call-transcripts/2025-05-22__adi-us-20250522-call-pres__40006.md
Analog Devices,ADI,2025-05-22,EARNINGS_CALL,call-qna,FY2025Q2,1.0,Q2 2025,Q2 Earnings Call Transcript,challenge/offline-data/analog-devices/call-transcripts/2025-05-22__adi-us-20250522-call-qna__40024.md
Analog Devices,ADI,2025-05-22,STRUCTURED_RESULT,q2-10q,FY2025Q2,1.0,Q2 2025,Quarterly Financial and Operational Review,challenge/offline-data/analog-devices/filings/2025-05-22__adi-us-20250522-q2-10q__102677.md
Analog Devices,ADI,2025-05-22,STRUCTURED_RESULT,q2-8k,FY2025Q2,1.0,Q2 2025,Fiscal Second Quarter Financial Results,challenge/offline-data/analog-devices/filings/2025-05-22__adi-us-20250522-q2-8k__102679.md
Analog Devices,ADI,2025-03-04,CONFERENCE,call-conf-pres,,1.0,Q2 2025,Semiconductor Industry Conference Call,challenge/offline-data/analog-devices/call-transcripts/2025-03-04__adi-us-20250304-call-conf-pres-3__487872.md
Analog Devices,ADI,2025-02-19,EARNINGS_CALL,call-pres,FY2025Q1,1.0,Q1 2025,First Quarter Fiscal Year Earnings Conference Call,challenge/offline-data/analog-devices/call-transcripts/2025-02-19__adi-us-20250219-call-pres__40012.md
Analog Devices,ADI,2025-02-19,EARNINGS_CALL,call-qna,FY2025Q1,1.0,Q1 2025,Q1 Earnings Call,challenge/offline-data/analog-devices/call-transcripts/2025-02-19__adi-us-20250219-call-qna__40028.md
Analog Devices,ADI,2025-02-19,STRUCTURED_RESULT,q1-10q,FY2025Q1,1.0,Q1 2025,Quarterly Report on Form 10-Q,challenge/offline-data/analog-devices/filings/2025-02-19__adi-us-20250219-q1-10q__102664.md
Analog Devices,ADI,2025-02-19,STRUCTURED_RESULT,q1-8k,FY2025Q1,1.0,Q1 2025,Fiscal First Quarter Financial Results and Second Quarter Outlook,challenge/offline-data/analog-devices/filings/2025-02-19__adi-us-20250219-q1-8k__102670.md
Analog Devices,ADI,2025-01-27,GENERIC_FILING,filing,,1.0,FY 2025,Annual Meeting Proxy Statement,challenge/offline-data/analog-devices/filings/2025-01-27__adi-us-20250127-filing-2__487984.md
Analog Devices,ADI,2025-01-27,GENERIC_FILING,filing,,1.0,FY 2025,2025 Annual Meeting Proxy Statement,challenge/offline-data/analog-devices/filings/2025-01-27__adi-us-20250127-filing__486291.md
Analog Devices,ADI,2025-01-13,GENERIC_FILING,filing,,1.0,FY 2025,Annual Meeting Proxy Statement,challenge/offline-data/analog-devices/filings/2025-01-13__adi-us-20250113-filing__486317.md
Analog Devices,ADI,2024-12-03,CONFERENCE,call-conf-pres,,1.0,FY 2024,Semiconductor Industry Conference Call,challenge/offline-data/analog-devices/call-transcripts/2024-12-03__adi-us-20241203-call-conf-pres-3__488803.md
Analog Devices,ADI,2024-11-26,EARNINGS_CALL,call-q4-pres,FY2024Q4,1.0,Q4 2024,Q4 Fiscal Year 2024 Earnings Conference Call,challenge/offline-data/analog-devices/call-transcripts/2024-11-26__adi-us-20241126-call-q4-pres__39996.md
Analog Devices,ADI,2024-11-26,EARNINGS_CALL,call-q4-qna,FY2024Q4,0.67,Q1 2025,Quarterly Earnings Call Q&A,challenge/offline-data/analog-devices/call-transcripts/2024-11-26__adi-us-20241126-call-q4-qna__40013.md
Analog Devices,ADI,2024-11-26,STRUCTURED_RESULT,q4-10k,FY2024Q4,1.0,FY 2024,Annual Report on Form 10-K,challenge/offline-data/analog-devices/filings/2024-11-26__adi-us-20241126-q4-10k__102663.md
Analog Devices,ADI,2024-11-26,STRUCTURED_RESULT,q4-8k,FY2024Q4,1.0,FY 2024,Fourth Quarter and Fiscal Year Financial Results,challenge/offline-data/analog-devices/filings/2024-11-26__adi-us-20241126-q4-8k__102666.md
Analog Devices,ADI,2024-09-17,CONFERENCE,call-conf-pres,,1.0,FY 2025,U.S. All-Stars Conference Presentation,challenge/offline-data/analog-devices/call-transcripts/2024-09-17__adi-us-20240917-call-conf-pres-3__488961.md
Analog Devices,ADI,2024-09-04,CONFERENCE,call-conf-pres,,1.0,FY 2025,Semiconductor Industry Conference Discussion on Market Trends and Financial Outlook,challenge/offline-data/analog-devices/call-transcripts/2024-09-04__adi-us-20240904-call-conf-pres-2__487844.md
Analog Devices,ADI,2024-08-21,EARNINGS_CALL,call-q3-pres,FY2024Q3,1.0,Q3 2024,Q3 Fiscal Year 2024 Earnings Call,challenge/offline-data/analog-devices/call-transcripts/2024-08-21__adi-us-20240821-call-q3-pres__40037.md
Analog Devices,ADI,2024-08-21,EARNINGS_CALL,call-q3-qna,FY2024Q3,1.0,Q3 2024,Earnings Call Q&A,challenge/offline-data/analog-devices/call-transcripts/2024-08-21__adi-us-20240821-call-q3-qna__40055.md
Analog Devices,ADI,2024-08-21,STRUCTURED_RESULT,q3-10q,FY2024Q3,1.0,Q3 2024,Quarterly Financial Results and Operations Review,challenge/offline-data/analog-devices/filings/2024-08-21__adi-us-20240821-q3-10q__102682.md
Analog Devices,ADI,2024-08-21,STRUCTURED_RESULT,q3-8k,FY2024Q3,1.0,Q3 2024,Fiscal Third Quarter Financial Results and Fourth Quarter Outlook,challenge/offline-data/analog-devices/filings/2024-08-21__adi-us-20240821-q3-8k__102648.md
Analog Devices,ADI,2024-05-29,CONFERENCE,call-conf-pres,,1.0,Q3 2024,Semiconductor Sector Fireside Chat,challenge/offline-data/analog-devices/call-transcripts/2024-05-29__adi-us-20240529-call-conf-pres__40017.md
Analog Devices,ADI,2024-05-29,CONFERENCE,call-conf-qna,,1.0,Q2 2024 to FY 2025,Analyst Conference Call on Strategy and Outlook,challenge/offline-data/analog-devices/call-transcripts/2024-05-29__adi-us-20240529-call-conf-qna__40034.md
Analog Devices,ADI,2024-05-22,EARNINGS_CALL,call-pres,FY2024Q2,1.0,Q2 2024,Second Quarter Earnings Conference Call,challenge/offline-data/analog-devices/call-transcripts/2024-05-22__adi-us-20240522-call-pres__40060.md
Analog Devices,ADI,2024-05-22,EARNINGS_CALL,call-qna,FY2024Q2,1.0,Q3 2024,Quarterly Earnings Call Discussion,challenge/offline-data/analog-devices/call-transcripts/2024-05-22__adi-us-20240522-call-qna__40076.md
Analog Devices,ADI,2024-05-22,STRUCTURED_RESULT,q2-10q,FY2024Q2,1.0,Q2 2024,Quarterly Report,challenge/offline-data/analog-devices/filings/2024-05-22__adi-us-20240522-q2-10q__102688.md
Analog Devices,ADI,2024-05-22,STRUCTURED_RESULT,q2-8k,FY2024Q2,1.0,Q2 2024,Fiscal Second Quarter Financial Results,challenge/offline-data/analog-devices/filings/2024-05-22__adi-us-20240522-q2-8k__102675.md
Analog Devices,ADI,2024-02-29,GENERIC_FILING,filing,FY2024Q1,1.0,FY 2023,Shareholder Presentation on Proxy Analysis,challenge/offline-data/analog-devices/filings/2024-02-29__adi-us-20240229-filing-2__488034.md
Analog Devices,ADI,2024-02-29,GENERIC_FILING,filing,FY2024Q1,1.0,FY 2024,Response to Proxy Advisor Report on Executive Compensation,challenge/offline-data/analog-devices/filings/2024-02-29__adi-us-20240229-filing__487762.md
Analog Devices,ADI,2024-02-21,EARNINGS_CALL,call-pres,FY2024Q1,1.0,Q1 2024,First Quarter Fiscal Year Earnings Conference Call,challenge/offline-data/analog-devices/call-transcripts/2024-02-21__adi-us-20240221-call-pres__40063.md
Analog Devices,ADI,2024-02-21,EARNINGS_CALL,call-qna,FY2024Q1,1.0,Q2 2024,Analyst Call on Market Conditions and Outlook,challenge/offline-data/analog-devices/call-transcripts/2024-02-21__adi-us-20240221-call-qna__40081.md
Analog Devices,ADI,2024-02-21,STRUCTURED_RESULT,q1-10q,FY2024Q1,1.0,Q1 2024,Quarterly Financial Report,challenge/offline-data/analog-devices/filings/2024-02-21__adi-us-20240221-q1-10q__102660.md
Analog Devices,ADI,2024-02-21,STRUCTURED_RESULT,q1-8k,FY2024Q1,1.0,Q1 2024,Fiscal First Quarter 2024 Financial Results,challenge/offline-data/analog-devices/filings/2024-02-21__adi-us-20240221-q1-8k__102673.md
Analog Devices,ADI,2024-01-19,GENERIC_FILING,filing,,1.0,FY 2023,Proxy Statement for Annual Meeting,challenge/offline-data/analog-devices/filings/2024-01-19__adi-us-20240119-filing-2__488783.md
Analog Devices,ADI,2024-01-19,GENERIC_FILING,filing,,1.0,FY 2023,Annual Meeting Proxy Statement,challenge/offline-data/analog-devices/filings/2024-01-19__adi-us-20240119-filing__487783.md
Analog Devices,ADI,2023-11-28,CONFERENCE,call-conf-pres,,1.0,FY 2023,Investor Conference Session,challenge/offline-data/analog-devices/call-transcripts/2023-11-28__adi-us-20231128-call-conf-pres__40002.md
Analog Devices,ADI,2023-11-28,CONFERENCE,call-conf-qna,,1.0,FY 2023,"Demand Environment, End Market Performance, and Growth Outlook Discussion",challenge/offline-data/analog-devices/call-transcripts/2023-11-28__adi-us-20231128-call-conf-qna__40018.md
Analog Devices,ADI,2023-11-21,EARNINGS_CALL,call-pres,FY2023Q4,1.0,Q4 2023,Quarterly Earnings Conference Call,challenge/offline-data/analog-devices/call-transcripts/2023-11-21__adi-us-20231121-call-pres__40059.md
Analog Devices,ADI,2023-11-21,EARNINGS_CALL,call-qna,FY2023Q4,1.0,Q4 2023,Q4 Earnings Call and Q1 Outlook,challenge/offline-data/analog-devices/call-transcripts/2023-11-21__adi-us-20231121-call-qna__40074.md
Analog Devices,ADI,2023-11-21,STRUCTURED_RESULT,q4-10k,FY2023Q4,1.0,FY 2023,Annual Report on Form 10-K,challenge/offline-data/analog-devices/filings/2023-11-21__adi-us-20231121-q4-10k__102669.md
Analog Devices,ADI,2023-11-21,STRUCTURED_RESULT,q4-8k,FY2023Q4,1.0,FY 2023,Fiscal Fourth Quarter and Full Year Financial Results and Outlook,challenge/offline-data/analog-devices/filings/2023-11-21__adi-us-20231121-q4-8k__102653.md
Analog Devices,ADI,2023-09-18,CONFERENCE,call-conf-pres,,1.0,Q4 2023,Industry Conference Call,challenge/offline-data/analog-devices/call-transcripts/2023-09-18__adi-us-20230918-call-conf-pres__40015.md
Analog Devices,ADI,2023-09-18,CONFERENCE,call-conf-qna,,1.0,FY 2024,Business and Market Outlook Discussion,challenge/offline-data/analog-devices/call-transcripts/2023-09-18__adi-us-20230918-call-conf-qna__40029.md
Analog Devices,ADI,2023-09-07,CONFERENCE,call-conf-pres,,1.0,Q3 2023,Analyst Interview with CFO and VP of Investor Relations,challenge/offline-data/analog-devices/call-transcripts/2023-09-07__adi-us-20230907-call-conf-pres__40031.md
Analog Devices,ADI,2023-09-07,CONFERENCE,call-conf-qna,,1.0,Q4 2023 and Q1 2024,Investor Call on Market Dynamics and Strategic Outlook,challenge/offline-data/analog-devices/call-transcripts/2023-09-07__adi-us-20230907-call-conf-qna__40045.md
Analog Devices,ADI,2023-09-06,CONFERENCE,call-conf-pres,,1.0,Q3 2023 and Q4 2023 outlook,Earnings Call: Market Softness and Inventory Outlook,challenge/offline-data/analog-devices/call-transcripts/2023-09-06__adi-us-20230906-call-conf-pres__40053.md
Analog Devices,ADI,2023-09-06,CONFERENCE,call-conf-qna,,1.0,Q3 2023,Investor Call Discussion on Market Conditions and Financial Outlook,challenge/offline-data/analog-devices/call-transcripts/2023-09-06__adi-us-20230906-call-conf-qna__40072.md
Analog Devices,ADI,2023-08-23,EARNINGS_CALL,call-pres,FY2023Q3,1.0,Q3 2023,Third Quarter Fiscal 2023 Earnings Conference Call,challenge/offline-data/analog-devices/call-transcripts/2023-08-23__adi-us-20230823-call-pres__40066.md
Analog Devices,ADI,2023-08-23,EARNINGS_CALL,call-qna,FY2023Q3,1.0,Q4 2023,Quarterly Financial Outlook and Market Commentary,challenge/offline-data/analog-devices/call-transcripts/2023-08-23__adi-us-20230823-call-qna__40085.md
Analog Devices,ADI,2023-08-23,STRUCTURED_RESULT,q3-10q,FY2023Q3,1.0,Q3 2023,Quarterly Report,challenge/offline-data/analog-devices/filings/2023-08-23__adi-us-20230823-q3-10q__102684.md
Analog Devices,ADI,2023-08-23,STRUCTURED_RESULT,q3-8k,FY2023Q3,1.0,Q3 2023,Third Quarter Fiscal 2023 Financial Results,challenge/offline-data/analog-devices/filings/2023-08-23__adi-us-20230823-q3-8k-2__488074.md
Analog Devices,ADI,2023-08-23,STRUCTURED_RESULT,q3-8k,FY2023Q3,0.5,FY 2023,Fiscal 2023 Fourth Quarter and Full Year Financial Results,challenge/offline-data/analog-devices/filings/2023-08-23__adi-us-20230823-q3-8k__102685.md
Analog Devices,ADI,2023-06-22,EARNINGS_CALL,call-pres,FY2023Q2,1.0,Q3 2023,Industrial Business and Gigafactory Opportunity Discussion,challenge/offline-data/analog-devices/call-transcripts/2023-06-22__adi-us-20230622-call-pres-3__686405.md
Analog Devices,ADI,2023-05-24,EARNINGS_CALL,call-pres,FY2023Q2,1.0,Q2 2023,Second Quarter Fiscal Year 2023 Earnings Conference Call,challenge/offline-data/analog-devices/call-transcripts/2023-05-24__adi-us-20230524-call-pres__40022.md
Analog Devices,ADI,2023-05-24,EARNINGS_CALL,call-qna,FY2023Q2,1.0,Q2 2023,Earnings Call Q&A,challenge/offline-data/analog-devices/call-transcripts/2023-05-24__adi-us-20230524-call-qna__40039.md
Analog Devices,ADI,2023-05-24,STRUCTURED_RESULT,q2-10q,FY2023Q2,1.0,Q2 2023,Quarterly Report,challenge/offline-data/analog-devices/filings/2023-05-24__adi-us-20230524-q2-10q__102647.md
Analog Devices,ADI,2023-05-24,STRUCTURED_RESULT,q2-8k,FY2023Q2,1.0,Q2 2023,Second Quarter Fiscal 2023 Financial Results,challenge/offline-data/analog-devices/filings/2023-05-24__adi-us-20230524-q2-8k__102668.md
Analog Devices,ADI,2023-02-21,GENERIC_FILING,filing,FY2023Q1,1.0,FY 2022,Response to Proxy Advisor on Executive Compensation Rationale,challenge/offline-data/analog-devices/filings/2023-02-21__adi-us-20230221-filing__486319.md
Analog Devices,ADI,2023-02-15,EARNINGS_CALL,call-pres,FY2023Q1,1.0,Q1 2023,First Quarter Fiscal Year Earnings Call,challenge/offline-data/analog-devices/call-transcripts/2023-02-15__adi-us-20230215-call-pres__40044.md
Analog Devices,ADI,2023-02-15,EARNINGS_CALL,call-qna,FY2023Q1,1.0,Q1 2023,Quarterly Earnings Call Discussion,challenge/offline-data/analog-devices/call-transcripts/2023-02-15__adi-us-20230215-call-qna__40062.md
Analog Devices,ADI,2023-02-15,STRUCTURED_RESULT,q1-10q,FY2023Q1,1.0,Q1 2023,Quarterly Report,challenge/offline-data/analog-devices/filings/2023-02-15__adi-us-20230215-q1-10q__102683.md
Analog Devices,ADI,2023-02-15,STRUCTURED_RESULT,q1-8k,FY2023Q1,1.0,Q1 2023,First Quarter Fiscal 2023 Financial Results and Second Quarter Outlook,challenge/offline-data/analog-devices/filings/2023-02-15__adi-us-20230215-q1-8k__102661.md
Analog Devices,ADI,2023-01-20,GENERIC_FILING,filing,,1.0,FY 2022,Annual Meeting Proxy Statement,challenge/offline-data/analog-devices/filings/2023-01-20__adi-us-20230120-filing-2__488046.md
Analog Devices,ADI,2023-01-20,GENERIC_FILING,filing,,1.0,FY 2023,Annual Meeting Proxy Statement,challenge/offline-data/analog-devices/filings/2023-01-20__adi-us-20230120-filing__487764.md
Analog Devices,ADI,2023-01-05,CONFERENCE,call-conf-pres,,1.0,FY 2023,Semiconductor Tech and Automotive Conference Discussion,challenge/offline-data/analog-devices/call-transcripts/2023-01-05__adi-us-20230105-call-conf-pres__40010.md
Analog Devices,ADI,2023-01-05,CONFERENCE,call-conf-qna,,1.0,FY 2023,Market Segments and Business Outlook Discussion,challenge/offline-data/analog-devices/call-transcripts/2023-01-05__adi-us-20230105-call-conf-qna__40030.md
Analog Devices,ADI,2022-11-22,EARNINGS_CALL,call-pres,FY2022Q4,1.0,FY 2022,Q4 and Fiscal Year Earnings Conference Call,challenge/offline-data/analog-devices/call-transcripts/2022-11-22__adi-us-20221122-call-pres__40043.md
Analog Devices,ADI,2022-11-22,EARNINGS_CALL,call-qna,FY2022Q4,0.5,Q4 2022,Earnings Call Transcript,challenge/offline-data/analog-devices/call-transcripts/2022-11-22__adi-us-20221122-call-qna__40061.md
Analog Devices,ADI,2022-11-22,STRUCTURED_RESULT,q4-10k,FY2022Q4,1.0,FY 2022,Annual Report on Form 10-K,challenge/offline-data/analog-devices/filings/2022-11-22__adi-us-20221122-q4-10k__102649.md
Analog Devices,ADI,2022-11-22,STRUCTURED_RESULT,q4-8k,FY2022Q4,1.0,FY 2022,Fourth Quarter and Fiscal Year 2022 Results,challenge/offline-data/analog-devices/filings/2022-11-22__adi-us-20221122-q4-8k__102656.md
Analog Devices,ADI,2022-08-17,EARNINGS_CALL,call-pres,FY2022Q3,1.0,Q3 2022,Third Quarter Fiscal Year 2022 Earnings Conference Call,challenge/offline-data/analog-devices/call-transcripts/2022-08-17__adi-us-20220817-call-pres__40049.md
Analog Devices,ADI,2022-08-17,EARNINGS_CALL,call-qna,FY2022Q3,1.0,Q4 2022,Earnings Call Transcript: Q3 Results and Q4 Outlook,challenge/offline-data/analog-devices/call-transcripts/2022-08-17__adi-us-20220817-call-qna__40068.md
Analog Devices,ADI,2022-08-17,STRUCTURED_RESULT,q3-10q,FY2022Q3,1.0,Q3 2022,Quarterly Report and Management's Discussion and Analysis,challenge/offline-data/analog-devices/filings/2022-08-17__adi-us-20220817-q3-10q__102678.md
Analog Devices,ADI,2022-08-17,STRUCTURED_RESULT,q3-8k,FY2022Q3,1.0,Q3 2022,Third Quarter Fiscal 2022 Results and Fourth Quarter Outlook,challenge/offline-data/analog-devices/filings/2022-08-17__adi-us-20220817-q3-8k__102658.md
Analog Devices,ADI,2022-05-18,EARNINGS_CALL,call-pres,FY2022Q2,1.0,Q2 2022,Second Quarter Earnings Conference Call,challenge/offline-data/analog-devices/call-transcripts/2022-05-18__adi-us-20220518-call-pres__40032.md
Analog Devices,ADI,2022-05-18,EARNINGS_CALL,call-qna,FY2022Q2,1.0,Q2 2022,Quarterly Earnings Conference Call Q&A,challenge/offline-data/analog-devices/call-transcripts/2022-05-18__adi-us-20220518-call-qna__40047.md
Analog Devices,ADI,2022-05-18,STRUCTURED_RESULT,q2-10q,FY2022Q2,1.0,Q2 2022,Quarterly Report Filing,challenge/offline-data/analog-devices/filings/2022-05-18__adi-us-20220518-q2-10q__102676.md
Analog Devices,ADI,2022-05-18,STRUCTURED_RESULT,q2-8k,FY2022Q2,1.0,Q2 2022,Second Quarter Fiscal Results and Outlook,challenge/offline-data/analog-devices/filings/2022-05-18__adi-us-20220518-q2-8k__102659.md
Analog Devices,ADI,2022-04-05,EARNINGS_CALL,call-pres,FY2022Q2,1.0,FY 2022,Investor Day Event,challenge/offline-data/analog-devices/call-transcripts/2022-04-05__adi-us-20220405-call-pres__40048.md
Analog Devices,ADI,2022-04-05,EARNINGS_CALL,call-qna,FY2022Q2,1.0,Q2 2022,Investor Day Q&A Session,challenge/offline-data/analog-devices/call-transcripts/2022-04-05__adi-us-20220405-call-qna__40067.md
Analog Devices,ADI,2022-04-05,SLIDE,slide,FY2022Q2,1.0,FY 2022,Investor Day Presentation,challenge/offline-data/analog-devices/slides/2022-04-05__adi-us-20220405-slide__40069.md
Analog Devices,ADI,2022-02-16,EARNINGS_CALL,call-pres,FY2022Q1,1.0,Q1 2022,First Quarter Fiscal 2022 Earnings Conference Call,challenge/offline-data/analog-devices/call-transcripts/2022-02-16__adi-us-20220216-call-pres__40001.md
Analog Devices,ADI,2022-02-16,EARNINGS_CALL,call-qna,FY2022Q1,1.0,Q1 2022,Quarterly Earnings Call Q&A,challenge/offline-data/analog-devices/call-transcripts/2022-02-16__adi-us-20220216-call-qna__40021.md
Analog Devices,ADI,2022-02-16,STRUCTURED_RESULT,q1-10q,FY2022Q1,1.0,Q1 2022,Quarterly Report,challenge/offline-data/analog-devices/filings/2022-02-16__adi-us-20220216-q1-10q__102651.md
Analog Devices,ADI,2022-02-16,STRUCTURED_RESULT,q1-8k,FY2022Q1,1.0,Q1 2022,First Quarter Fiscal Results and Second Quarter Outlook,challenge/offline-data/analog-devices/filings/2022-02-16__adi-us-20220216-q1-8k__102680.md
Analog Devices,ADI,2022-02-11,GENERIC_FILING,filing,,1.0,FY 2021,Proxy Statement Response Regarding Executive Compensation,challenge/offline-data/analog-devices/filings/2022-02-11__adi-us-20220211-filing__488838.md
Analog Devices,ADI,2022-01-21,GENERIC_FILING,filing,,1.0,FY 2021,Annual Meeting Proxy Statement,challenge/offline-data/analog-devices/filings/2022-01-21__adi-us-20220121-filing-2__488788.md
Analog Devices,ADI,2022-01-21,GENERIC_FILING,filing,,1.0,FY 2021,Proxy Statement and Annual Meeting Notice,challenge/offline-data/analog-devices/filings/2022-01-21__adi-us-20220121-filing__487730.md
Analog Devices,ADI,2021-12-03,STRUCTURED_RESULT,fy-10k,FY2021Q4,1.0,FY 2021,Annual Business and Financial Review,challenge/offline-data/analog-devices/filings/2021-12-03__adi-us-20211203-fy-10k__736749.md
Analog Devices,ADI,2021-11-23,EARNINGS_CALL,call-pres,FY2021Q4,1.0,FY 2021,Q4 and Fiscal Year 2021 Earnings Conference Call,challenge/offline-data/analog-devices/call-transcripts/2021-11-23__adi-us-20211123-call-pres__40003.md
Analog Devices,ADI,2021-11-23,EARNINGS_CALL,call-qna,FY2021Q4,1.0,FY 2022,Quarterly Earnings Call,challenge/offline-data/analog-devices/call-transcripts/2021-11-23__adi-us-20211123-call-qna__40019.md
Analog Devices,ADI,2021-11-23,STRUCTURED_RESULT,q4-10k,FY2021Q4,1.0,FY 2021,Annual Report,challenge/offline-data/analog-devices/filings/2021-11-23__adi-us-20211123-q4-10k__102654.md
Analog Devices,ADI,2021-11-23,STRUCTURED_RESULT,q4-8k,FY2021Q4,1.0,FY 2021,Fourth Quarter and Fiscal Year 2021 Financial Results and Q1 2022 Outlook,challenge/offline-data/analog-devices/filings/2021-11-23__adi-us-20211123-q4-8k__102674.md
Analog Devices,ADI,2021-09-08,CONFERENCE,call-conf-pres,,1.0,FY 2022,Capital Allocation and Maxim Integration Update Call,challenge/offline-data/analog-devices/call-transcripts/2021-09-08__adi-us-20210908-call-conf-pres__40056.md
Analog Devices,ADI,2021-09-08,CONFERENCE,call-conf-qna,,1.0,FY 2022,Merger Integration and Future Outlook Call,challenge/offline-data/analog-devices/call-transcripts/2021-09-08__adi-us-20210908-call-conf-qna__40071.md
Analog Devices,ADI,2021-09-08,EARNINGS_CALL,call-pres,FY2021Q4,0.5,FY 2022,Capital Allocation and Acquisition Update,challenge/offline-data/analog-devices/call-transcripts/2021-09-08__adi-us-20210908-call-pres__40052.md
Analog Devices,ADI,2021-09-08,EARNINGS_CALL,call-qna,FY2021Q4,1.0,FY 2022,Post-Merger Integration and Outlook Call,challenge/offline-data/analog-devices/call-transcripts/2021-09-08__adi-us-20210908-call-qna__40070.md
Analog Devices,ADI,2021-09-08,STRUCTURED_RESULT,q4-8k,FY2021Q4,1.0,Q4 2021,Acquisition Completion and Outlook Webcast Announcement,challenge/offline-data/analog-devices/filings/2021-09-08__adi-us-20210908-q4-8k__102681.md
Analog Devices,ADI,2021-09-08,SLIDE,slide,FY2021Q4,1.0,FY 2021,Acquisition Completion and Capital Allocation Update,challenge/offline-data/analog-devices/slides/2021-09-08__adi-us-20210908-slide__40040.md
Analog Devices,ADI,2021-08-18,EARNINGS_CALL,call-pres,FY2021Q3,1.0,Q3 2021,Third Quarter Fiscal Year 2021 Earnings Conference Call,challenge/offline-data/analog-devices/call-transcripts/2021-08-18__adi-us-20210818-call-pres__40009.md
Analog Devices,ADI,2021-08-18,EARNINGS_CALL,call-qna,FY2021Q3,1.0,Q3 2021,Quarterly Earnings Call Discussion,challenge/offline-data/analog-devices/call-transcripts/2021-08-18__adi-us-20210818-call-qna__40026.md
Analog Devices,ADI,2021-08-18,STRUCTURED_RESULT,q3-10q,FY2021Q3,1.0,Q3 2021,Quarterly Financial and Operational Review,challenge/offline-data/analog-devices/filings/2021-08-18__adi-us-20210818-q3-10q__102662.md
Analog Devices,ADI,2021-08-18,STRUCTURED_RESULT,q3-8k,FY2021Q3,1.0,Q3 2021,Third Quarter Fiscal 2021 Financial Results,challenge/offline-data/analog-devices/filings/2021-08-18__adi-us-20210818-q3-8k__102665.md
Analog Devices,ADI,2021-05-19,EARNINGS_CALL,call-pres,FY2021Q2,1.0,Q2 2021,Second Quarter Fiscal Year Earnings Call,challenge/offline-data/analog-devices/call-transcripts/2021-05-19__adi-us-20210519-call-pres__39998.md
Analog Devices,ADI,2021-05-19,EARNINGS_CALL,call-qna,FY2021Q2,1.0,Q2 2021,Q2 Earnings Call Transcript,challenge/offline-data/analog-devices/call-transcripts/2021-05-19__adi-us-20210519-call-qna__40016.md
Analog Devices,ADI,2021-05-19,STRUCTURED_RESULT,q2-10q,FY2021Q2,1.0,Q2 2021,Quarterly Financial Results and Business Update,challenge/offline-data/analog-devices/filings/2021-05-19__adi-us-20210519-q2-10q__102650.md
Analog Devices,ADI,2021-05-19,STRUCTURED_RESULT,q2-8k,FY2021Q2,1.0,Q2 2021,Second Quarter Fiscal 2021 Financial Results and Third Quarter Outlook,challenge/offline-data/analog-devices/filings/2021-05-19__adi-us-20210519-q2-8k__102672.md
Analog Devices,ADI,2021-05-19,SLIDE,slide,FY2021Q2,1.0,Q2 2021,Quarterly Revenue Trends by End Market,challenge/offline-data/analog-devices/slides/2021-05-19__adi-us-20210519-slide__40051.md
Analog Devices,ADI,2021-03-10,AGM,call-agm-pres,FY2021Q1,1.0,FY 2020,Annual Meeting of Shareholders,challenge/offline-data/analog-devices/call-transcripts/2021-03-10__adi-us-20210310-call-agm-pres__40035.md
Analog Devices,ADI,2021-03-10,AGM,call-agm-qna,FY2021Q1,1.0,FY 2020 and FY 2021 (initiatives/outlook),"Diversity, Inclusion, and ESG Initiatives Q&A",challenge/offline-data/analog-devices/call-transcripts/2021-03-10__adi-us-20210310-call-agm-qna__40050.md
Analog Devices,ADI,2021-02-17,EARNINGS_CALL,call-pres,FY2021Q1,1.0,Q1 2021,Q1 Fiscal Year Earnings Conference Call,challenge/offline-data/analog-devices/call-transcripts/2021-02-17__adi-us-20210217-call-pres__40038.md
Analog Devices,ADI,2021-02-17,EARNINGS_CALL,call-qna,FY2021Q1,1.0,Q2 2021,Quarterly Earnings Call Q&A,challenge/offline-data/analog-devices/call-transcripts/2021-02-17__adi-us-20210217-call-qna__40054.md
Analog Devices,ADI,2021-02-17,STRUCTURED_RESULT,q1-10q,FY2021Q1,1.0,Q1 2021,Quarterly Financial Report,challenge/offline-data/analog-devices/filings/2021-02-17__adi-us-20210217-q1-10q__102655.md
Analog Devices,ADI,2021-02-17,STRUCTURED_RESULT,q1-8k,FY2021Q1,1.0,Q1 Fiscal 2021,First Quarter Fiscal Results and Outlook,challenge/offline-data/analog-devices/filings/2021-02-17__adi-us-20210217-q1-8k__102671.md
Analog Devices,ADI,2021-01-22,GENERIC_FILING,filing,,1.0,FY 2020,Proxy Statement for Annual Meeting of Shareholders,challenge/offline-data/analog-devices/filings/2021-01-22__adi-us-20210122-filing-2__488817.md
Analog Devices,ADI,2021-01-22,GENERIC_FILING,filing,,1.0,FY 2021,Proxy Statement for Annual Shareholder Meeting,challenge/offline-data/analog-devices/filings/2021-01-22__adi-us-20210122-filing__487787.md
Analog Devices,ADI,2020-11-24,STRUCTURED_RESULT,fy-10k,FY2020Q4,1.0,FY 2020,Annual Report on Financial Performance and Strategic Initiatives,challenge/offline-data/analog-devices/filings/2020-11-24__adi-us-20201124-fy-10k__730756.md
Analog Devices,ADI,2020-11-24,STRUCTURED_RESULT,fy-8k,FY2020Q4,1.0,FY 2020,Fourth Quarter and Full Year Fiscal Results and Outlook,challenge/offline-data/analog-devices/filings/2020-11-24__adi-us-20201124-fy-8k__620859.md
Analog Devices,ADI,2020-10-24,EARNINGS_CALL,call-pres,FY2020Q4,1.0,Q4 2020,Fiscal Year 2020 Fourth Quarter Earnings Call,challenge/offline-data/analog-devices/call-transcripts/2020-10-24__adi-us-20201024-call-pres__40020.md
Analog Devices,ADI,2020-10-24,EARNINGS_CALL,call-qna,FY2020Q4,1.0,Q4 2020,Earnings Call Q&A,challenge/offline-data/analog-devices/call-transcripts/2020-10-24__adi-us-20201024-call-qna__40036.md
Analog Devices,ADI,2020-10-24,STRUCTURED_RESULT,q4-10k,FY2020Q4,1.0,FY 2020,Annual Report Filing,challenge/offline-data/analog-devices/filings/2020-10-24__adi-us-20201024-q4-10k__102667.md
Analog Devices,ADI,2020-10-24,STRUCTURED_RESULT,q4-8k,FY2020Q4,1.0,FY 2020,Fourth Quarter and Full Year Fiscal Results,challenge/offline-data/analog-devices/filings/2020-10-24__adi-us-20201024-q4-8k__102686.md
Analog Devices,ADI,2020-08-19,EARNINGS_CALL,call-pres,FY2020Q3,1.0,Q3 2020,Third Quarter Fiscal Year 2020 Earnings Conference Call,challenge/offline-data/analog-devices/call-transcripts/2020-08-19__adi-us-20200819-call-pres__40011.md
Analog Devices,ADI,2020-08-19,EARNINGS_CALL,call-qna,FY2020Q3,1.0,Q3 2020,Business Segment and Market Outlook Discussion,challenge/offline-data/analog-devices/call-transcripts/2020-08-19__adi-us-20200819-call-qna__40027.md
Analog Devices,ADI,2020-08-19,STRUCTURED_RESULT,q3-10q,FY2020Q3,1.0,Q3 2020,Quarterly Report,challenge/offline-data/analog-devices/filings/2020-08-19__adi-us-20200819-q3-10q__102689.md
Analog Devices,ADI,2020-08-19,STRUCTURED_RESULT,q3-8k,FY2020Q3,1.0,Q3 2020,Third Quarter Fiscal 2020 Results and Fourth Quarter Outlook,challenge/offline-data/analog-devices/filings/2020-08-19__adi-us-20200819-q3-8k__102652.md
Analog Devices,ADI,2020-07-13,EARNINGS_CALL,call-pres,FY2020Q3,1.0,Q3 2020,Acquisition Announcement and Q3 Fiscal 2020 Guidance Call,challenge/offline-data/analog-devices/call-transcripts/2020-07-13__adi-us-20200713-call-pres__40065.md
Analog Devices,ADI,2020-07-13,EARNINGS_CALL,call-qna,FY2020Q3,1.0,Q3 2020,Acquisition Rationale and Synergy Discussion Call,challenge/offline-data/analog-devices/call-transcripts/2020-07-13__adi-us-20200713-call-qna__40079.md
Analog Devices,ADI,2020-07-13,STRUCTURED_RESULT,q3-8k,FY2020Q3,1.0,Q3 2020,Combination Announcement,challenge/offline-data/analog-devices/filings/2020-07-13__adi-us-20200713-q3-8k__102657.md
Analog Devices,ADI,2020-07-13,SLIDE,slide,FY2020Q3,1.0,FY 2019,Analog Semiconductor Companies Merger Announcement,challenge/offline-data/analog-devices/slides/2020-07-13__adi-us-20200713-slide__40033.md
Analog Devices,ADI,2020-05-20,EARNINGS_CALL,call-pres,FY2020Q2,0.67,Q2 2020,Q2 Earnings Conference Call,challenge/offline-data/analog-devices/call-transcripts/2020-05-20__adi-us-20200520-call-pres__488827.md
Analog Devices,ADI,2020-05-20,EARNINGS_CALL,call-qna,FY2020Q2,1.0,Q2 2020,Earnings Call Transcript,challenge/offline-data/analog-devices/call-transcripts/2020-05-20__adi-us-20200520-call-qna__486352.md
Analog Devices,ADI,2020-05-20,STRUCTURED_RESULT,q2-10q,FY2020Q2,1.0,Q2 2020,"Quarterly Report for Period Ended May 2, 2020",challenge/offline-data/analog-devices/filings/2020-05-20__adi-us-20200520-q2-10q__486241.md
Analog Devices,ADI,2020-05-20,STRUCTURED_RESULT,q2-8k,FY2020Q2,1.0,Q2 2020,Second Quarter Fiscal 2020 Results,challenge/offline-data/analog-devices/filings/2020-05-20__adi-us-20200520-q2-8k__487641.md
Analog Devices,ADI,2020-02-19,EARNINGS_CALL,call-pres,FY2020Q1,1.0,Q1 2020,Q1 Fiscal Year 2020 Earnings Conference Call,challenge/offline-data/analog-devices/call-transcripts/2020-02-19__adi-us-20200219-call-pres__488829.md
Analog Devices,ADI,2020-02-19,EARNINGS_CALL,call-qna,FY2020Q1,1.0,Q1 2020,Q1 Earnings Call,challenge/offline-data/analog-devices/call-transcripts/2020-02-19__adi-us-20200219-call-qna__488711.md
Analog Devices,ADI,2020-02-19,STRUCTURED_RESULT,q1-10q,FY2020Q1,1.0,Q1 2020,Quarterly Report,challenge/offline-data/analog-devices/filings/2020-02-19__adi-us-20200219-q1-10q__488756.md
Analog Devices,ADI,2020-02-19,STRUCTURED_RESULT,q1-8k,FY2020Q1,1.0,Q1 2020,First Quarter Fiscal 2020 Results,challenge/offline-data/analog-devices/filings/2020-02-19__adi-us-20200219-q1-8k__487633.md
Analog Devices,ADI,2020-01-24,GENERIC_FILING,filing,,1.0,FY 2020,Proxy Statement for Annual Shareholder Meeting,challenge/offline-data/analog-devices/filings/2020-01-24__adi-us-20200124-filing-2__488856.md
Analog Devices,ADI,2020-01-24,GENERIC_FILING,filing,,1.0,FY 2019,Annual Meeting Proxy Statement,challenge/offline-data/analog-devices/filings/2020-01-24__adi-us-20200124-filing__486327.md
Analog Devices,ADI,2019-11-26,EARNINGS_CALL,call-pres,FY2019Q4,1.0,Q4 2019,Q4 and Fiscal Year Earnings Conference Call,challenge/offline-data/analog-devices/call-transcripts/2019-11-26__adi-us-20191126-call-pres__487742.md
Analog Devices,ADI,2019-11-26,EARNINGS_CALL,call-qna,FY2019Q4,1.0,Q4 2019,Q4 Earnings Call Q&A,challenge/offline-data/analog-devices/call-transcripts/2019-11-26__adi-us-20191126-call-qna__487802.md
Analog Devices,ADI,2019-11-26,STRUCTURED_RESULT,q4-10k,FY2019Q4,1.0,FY 2019,Annual Report,challenge/offline-data/analog-devices/filings/2019-11-26__adi-us-20191126-q4-10k__488627.md
Analog Devices,ADI,2019-11-26,STRUCTURED_RESULT,q4-8k,FY2019Q4,1.0,FY 2019,Fourth Quarter and Fiscal 2019 Results and First Quarter Fiscal 2020 Outlook,challenge/offline-data/analog-devices/filings/2019-11-26__adi-us-20191126-q4-8k__487631.md
Analog Devices,ADI,2019-08-21,EARNINGS_CALL,call-pres,FY2019Q3,1.0,Q3 2019,Q3 Earnings Conference Call,challenge/offline-data/analog-devices/call-transcripts/2019-08-21__adi-us-20190821-call-pres__486386.md
Analog Devices,ADI,2019-08-21,EARNINGS_CALL,call-qna,FY2019Q3,1.0,Q3 2019,Q3 Earnings Call Transcript,challenge/offline-data/analog-devices/call-transcripts/2019-08-21__adi-us-20190821-call-qna__488717.md
Analog Devices,ADI,2019-08-21,STRUCTURED_RESULT,q3-10q,FY2019Q3,1.0,Q3 2019,"Quarterly Report for Period Ended August 3, 2019",challenge/offline-data/analog-devices/filings/2019-08-21__adi-us-20190821-q3-10q__486246.md
Analog Devices,ADI,2019-08-21,STRUCTURED_RESULT,q3-8k,FY2019Q3,1.0,Q3 2019,Third Quarter Fiscal 2019 Results and Outlook,challenge/offline-data/analog-devices/filings/2019-08-21__adi-us-20190821-q3-8k__487981.md
Analog Devices,ADI,2019-05-22,EARNINGS_CALL,call-pres,FY2019Q2,1.0,Q2 2019,Second Quarter Fiscal Year Earnings Conference Call,challenge/offline-data/analog-devices/call-transcripts/2019-05-22__adi-us-20190522-call-pres__486394.md
Analog Devices,ADI,2019-05-22,EARNINGS_CALL,call-qna,FY2019Q2,1.0,Q2 2019,Q2 Earnings Call Discussion and Q3 Outlook,challenge/offline-data/analog-devices/call-transcripts/2019-05-22__adi-us-20190522-call-qna__488110.md
Analog Devices,ADI,2019-05-22,STRUCTURED_RESULT,q2-10q,FY2019Q2,1.0,Q2 2019,Quarterly Financial Report,challenge/offline-data/analog-devices/filings/2019-05-22__adi-us-20190522-q2-10q__488702.md
Analog Devices,ADI,2019-05-22,STRUCTURED_RESULT,q2-8k,FY2019Q2,1.0,Q2 2019,Second Quarter Fiscal Results and Third Quarter Outlook,challenge/offline-data/analog-devices/filings/2019-05-22__adi-us-20190522-q2-8k__487687.md
Analog Devices,ADI,2019-02-20,EARNINGS_CALL,call-pres,FY2019Q1,1.0,Q1 2019,First Quarter Fiscal Year Earnings Conference Call,challenge/offline-data/analog-devices/call-transcripts/2019-02-20__adi-us-20190220-call-pres__487743.md
Analog Devices,ADI,2019-02-20,EARNINGS_CALL,call-qna,FY2019Q1,1.0,Q1 2019,Q1 Earnings Call Q&A,challenge/offline-data/analog-devices/call-transcripts/2019-02-20__adi-us-20190220-call-qna__487875.md
Analog Devices,ADI,2019-02-20,STRUCTURED_RESULT,q1-10q,FY2019Q1,1.0,Q1 2019,Quarterly Report on Financial Performance and Operations,challenge/offline-data/analog-devices/filings/2019-02-20__adi-us-20190220-q1-10q__488017.md
Analog Devices,ADI,2019-02-20,STRUCTURED_RESULT,q1-8k,FY2019Q1,1.0,Q1 2019,First Quarter Fiscal 2019 Results and Second Quarter Fiscal 2019 Outlook,challenge/offline-data/analog-devices/filings/2019-02-20__adi-us-20190220-q1-8k__487684.md
Analog Devices,ADI,2019-01-25,GENERIC_FILING,filing,,1.0,FY 2019,Annual Shareholder Meeting Proxy Statement,challenge/offline-data/analog-devices/filings/2019-01-25__adi-us-20190125-filing-2__488810.md
Analog Devices,ADI,2019-01-25,GENERIC_FILING,filing,,1.0,FY 2018,Annual Meeting Proxy Statement,challenge/offline-data/analog-devices/filings/2019-01-25__adi-us-20190125-filing__488671.md
Analog Devices,ADI,2018-11-27,STRUCTURED_RESULT,fy-10k,FY2018Q4,1.0,FY 2018,Annual Report,challenge/offline-data/analog-devices/filings/2018-11-27__adi-us-20181127-fy-10k__730760.md
Analog Devices,ADI,2018-11-20,EARNINGS_CALL,call-pres,FY2018Q4,1.0,FY 2018,Fourth Quarter and Fiscal Year Earnings Conference Call,challenge/offline-data/analog-devices/call-transcripts/2018-11-20__adi-us-20181120-call-pres__487816.md
Analog Devices,ADI,2018-11-20,EARNINGS_CALL,call-qna,FY2018Q4,1.0,Q4 2018,Q4 Earnings Call Transcript,challenge/offline-data/analog-devices/call-transcripts/2018-11-20__adi-us-20181120-call-qna__487817.md
Analog Devices,ADI,2018-11-20,STRUCTURED_RESULT,q4-10k,FY2018Q4,1.0,FY 2018,Annual Report,challenge/offline-data/analog-devices/filings/2018-11-20__adi-us-20181120-q4-10k__488004.md
Analog Devices,ADI,2018-11-20,STRUCTURED_RESULT,q4-8k,FY2018Q4,1.0,FY 2018,Fourth Quarter and Fiscal Year 2018 Financial Results,challenge/offline-data/analog-devices/filings/2018-11-20__adi-us-20181120-q4-8k__486213.md
Analog Devices,ADI,2018-08-22,EARNINGS_CALL,call-pres,FY2018Q3,1.0,Q3 2018,Third Quarter Earnings Conference Call,challenge/offline-data/analog-devices/call-transcripts/2018-08-22__adi-us-20180822-call-pres__488122.md
Analog Devices,ADI,2018-08-22,EARNINGS_CALL,call-qna,FY2018Q3,1.0,Q3 2018,Earnings Call Q&A,challenge/offline-data/analog-devices/call-transcripts/2018-08-22__adi-us-20180822-call-qna__488725.md
Analog Devices,ADI,2018-08-22,STRUCTURED_RESULT,q3-10q,FY2018Q3,1.0,Q3 2018,Quarterly Report on Financial Condition and Results of Operations,challenge/offline-data/analog-devices/filings/2018-08-22__adi-us-20180822-q3-10q__486248.md
Analog Devices,ADI,2018-08-22,STRUCTURED_RESULT,q3-8k,FY2018Q3,1.0,Q3 2018,Third Quarter Financial Results and Fourth Quarter Outlook,challenge/offline-data/analog-devices/filings/2018-08-22__adi-us-20180822-q3-8k__488622.md
Analog Devices,ADI,2018-05-30,EARNINGS_CALL,call-pres,FY2018Q2,1.0,Q2 2018,Second Quarter Fiscal Year Earnings Conference Call,challenge/offline-data/analog-devices/call-transcripts/2018-05-30__adi-us-20180530-call-pres__486401.md
Analog Devices,ADI,2018-05-30,EARNINGS_CALL,call-qna,FY2018Q2,1.0,Q2 2018,Q2 Earnings Call,challenge/offline-data/analog-devices/call-transcripts/2018-05-30__adi-us-20180530-call-qna__487755.md
Analog Devices,ADI,2018-05-30,STRUCTURED_RESULT,q2-10q,FY2018Q2,1.0,Q2 2018,Quarterly Report on Form 10-Q,challenge/offline-data/analog-devices/filings/2018-05-30__adi-us-20180530-q2-10q__487741.md
Analog Devices,ADI,2018-05-30,STRUCTURED_RESULT,q2-8k,FY2018Q2,1.0,Q2 2018,Second Quarter Financial Results and Third Quarter Outlook,challenge/offline-data/analog-devices/filings/2018-05-30__adi-us-20180530-q2-8k__487647.md
Analog Devices,ADI,2018-02-28,EARNINGS_CALL,call-pres,FY2018Q1,1.0,Q1 2018,First Quarter Fiscal Year Earnings Conference Call,challenge/offline-data/analog-devices/call-transcripts/2018-02-28__adi-us-20180228-call-pres__488861.md
Analog Devices,ADI,2018-02-28,EARNINGS_CALL,call-qna,FY2018Q1,1.0,Q1 2018,Q1 Earnings Call,challenge/offline-data/analog-devices/call-transcripts/2018-02-28__adi-us-20180228-call-qna__488862.md
Analog Devices,ADI,2018-02-28,STRUCTURED_RESULT,q1-10q,FY2018Q1,1.0,Q1 2018,Quarterly Report,challenge/offline-data/analog-devices/filings/2018-02-28__adi-us-20180228-q1-10q__487746.md
Analog Devices,ADI,2018-02-28,STRUCTURED_RESULT,q1-8k,FY2018Q1,1.0,Q1 2018,First Quarter Earnings Results and Second Quarter Outlook,challenge/offline-data/analog-devices/filings/2018-02-28__adi-us-20180228-q1-8k__487652.md
Analog Devices,ADI,2018-01-26,GENERIC_FILING,filing,,1.0,FY 2017,Annual Meeting Proxy Statement,challenge/offline-data/analog-devices/filings/2018-01-26__adi-us-20180126-filing-2__488050.md
Analog Devices,ADI,2018-01-26,GENERIC_FILING,filing,,1.0,FY 2018,Proxy Statement for Annual Shareholder Meeting,challenge/offline-data/analog-devices/filings/2018-01-26__adi-us-20180126-filing__487792.md
Analog Devices,ADI,2017-11-21,EARNINGS_CALL,call-pres,FY2017Q4,1.0,FY 2017,Q4 and Fiscal Year 2017 Earnings Conference Call,challenge/offline-data/analog-devices/call-transcripts/2017-11-21__adi-us-20171121-call-pres__488128.md
Analog Devices,ADI,2017-11-21,EARNINGS_CALL,call-qna,FY2017Q4,0.67,Q4 2017,Q4 Earnings Call Transcript,challenge/offline-data/analog-devices/call-transcripts/2017-11-21__adi-us-20171121-call-qna__488899.md
Analog Devices,ADI,2017-11-21,STRUCTURED_RESULT,q4-10k,FY2017Q4,1.0,FY 2017,Annual Report,challenge/offline-data/analog-devices/filings/2017-11-21__adi-us-20171121-q4-10k__488746.md
Analog Devices,ADI,2017-11-21,STRUCTURED_RESULT,q4-8k,FY2017Q4,1.0,FY 2017,Fourth Quarter and Fiscal Year Results and First Quarter Outlook,challenge/offline-data/analog-devices/filings/2017-11-21__adi-us-20171121-q4-8k__486223.md
Analog Devices,ADI,2017-08-30,EARNINGS_CALL,call-pres,FY2017Q3,1.0,Q3 2017,Third Quarter Fiscal Year 2017 Earnings Conference Call,challenge/offline-data/analog-devices/call-transcripts/2017-08-30__adi-us-20170830-call-pres__487763.md
Analog Devices,ADI,2017-08-30,EARNINGS_CALL,call-qna,FY2017Q3,1.0,Q3 2017,Q3 Earnings Call Transcript,challenge/offline-data/analog-devices/call-transcripts/2017-08-30__adi-us-20170830-call-qna__487765.md
Analog Devices,ADI,2017-08-30,STRUCTURED_RESULT,q3-10q,FY2017Q3,1.0,Q3 2017,Quarterly Report,challenge/offline-data/analog-devices/filings/2017-08-30__adi-us-20170830-q3-10q__487690.md
Analog Devices,ADI,2017-08-30,STRUCTURED_RESULT,q3-8k,FY2017Q3,1.0,Q3 2017,Third Quarter Financial Results and Fourth Quarter Outlook,challenge/offline-data/analog-devices/filings/2017-08-30__adi-us-20170830-q3-8k__487723.md
Analog Devices,ADI,2017-05-31,EARNINGS_CALL,call-pres,FY2017Q2,1.0,Q2 2017,Second Quarter Fiscal Year Earnings Conference Call,challenge/offline-data/analog-devices/call-transcripts/2017-05-31__adi-us-20170531-call-pres__487767.md
Analog Devices,ADI,2017-05-31,EARNINGS_CALL,call-qna,FY2017Q2,1.0,Q2 2017,Q2 Earnings Call Transcript,challenge/offline-data/analog-devices/call-transcripts/2017-05-31__adi-us-20170531-call-qna__488142.md
Analog Devices,ADI,2017-05-31,STRUCTURED_RESULT,q2-10q,FY2017Q2,1.0,Q2 2017,Quarterly Financial Report,challenge/offline-data/analog-devices/filings/2017-05-31__adi-us-20170531-q2-10q__487696.md
Analog Devices,ADI,2017-05-31,STRUCTURED_RESULT,q2-8k,FY2017Q2,1.0,Q2 2017,Second Quarter 2017 Results and Third Quarter Outlook,challenge/offline-data/analog-devices/filings/2017-05-31__adi-us-20170531-q2-8k__488697.md
Analog Devices,ADI,2017-02-15,EARNINGS_CALL,call-pres,FY2017Q1,1.0,Q1 2017,Q1 Earnings Conference Call,challenge/offline-data/analog-devices/call-transcripts/2017-02-15__adi-us-20170215-call-pres__487829.md
Analog Devices,ADI,2017-02-15,EARNINGS_CALL,call-qna,FY2017Q1,1.0,Q1 2017,Earnings Call Transcript,challenge/offline-data/analog-devices/call-transcripts/2017-02-15__adi-us-20170215-call-qna__488148.md
Analog Devices,ADI,2017-02-15,STRUCTURED_RESULT,q1-10q,FY2017Q1,1.0,Q1 2017,Quarterly Financial Report,challenge/offline-data/analog-devices/filings/2017-02-15__adi-us-20170215-q1-10q__487705.md
Analog Devices,ADI,2017-02-15,STRUCTURED_RESULT,q1-8k,FY2017Q1,1.0,Q1 2017,First Quarter Financial Results and Outlook,challenge/offline-data/analog-devices/filings/2017-02-15__adi-us-20170215-q1-8k__486188.md
Analog Devices,ADI,2017-02-15,SLIDE,slide,FY2017Q1,1.0,Q1 2017,First Quarter Financial Results and Second Quarter Guidance,challenge/offline-data/analog-devices/slides/2017-02-15__adi-us-20170215-slide__487899.md
Analog Devices,ADI,2017-01-25,GENERIC_FILING,filing,,1.0,FY 2017,Proxy Statement for Annual Meeting of Shareholders,challenge/offline-data/analog-devices/filings/2017-01-25__adi-us-20170125-filing-2__488676.md
Analog Devices,ADI,2017-01-25,GENERIC_FILING,filing,,1.0,FY 2017,Proxy Statement for Annual Meeting,challenge/offline-data/analog-devices/filings/2017-01-25__adi-us-20170125-filing__488675.md
Analog Devices,ADI,2016-11-22,EARNINGS_CALL,call-pres,FY2016Q4,1.0,FY 2016,Q4 and Fiscal Year Earnings Conference Call,challenge/offline-data/analog-devices/call-transcripts/2016-11-22__adi-us-20161122-call-pres__488728.md
Analog Devices,ADI,2016-11-22,EARNINGS_CALL,call-qna,FY2016Q4,1.0,Q4 2016,Q4 Earnings Call,challenge/offline-data/analog-devices/call-transcripts/2016-11-22__adi-us-20161122-call-qna__487779.md
Analog Devices,ADI,2016-11-22,STRUCTURED_RESULT,q4-10k,FY2016Q4,1.0,FY 2016,Annual Report,challenge/offline-data/analog-devices/filings/2016-11-22__adi-us-20161122-q4-10k__488638.md
Analog Devices,ADI,2016-11-22,STRUCTURED_RESULT,q4-8k,FY2016Q4,1.0,FY 2016,Fourth Quarter and Fiscal Year 2016 Results and First Quarter 2017 Outlook,challenge/offline-data/analog-devices/filings/2016-11-22__adi-us-20161122-q4-8k__488060.md
Analog Devices,ADI,2016-11-22,SLIDE,slide,FY2016Q4,1.0,FY 2016,Fourth Quarter and Fiscal Year Earnings Release,challenge/offline-data/analog-devices/slides/2016-11-22__adi-us-20161122-slide__488201.md
Analog Devices,ADI,2016-08-17,EARNINGS_CALL,call-pres,FY2016Q3,1.0,Q3 2016,Q3 Fiscal Year Earnings Conference Call,challenge/offline-data/analog-devices/call-transcripts/2016-08-17__adi-us-20160817-call-pres__488912.md
Analog Devices,ADI,2016-08-17,EARNINGS_CALL,call-qna,FY2016Q3,1.0,Q3 2016,Q3 2016 Earnings Call,challenge/offline-data/analog-devices/call-transcripts/2016-08-17__adi-us-20160817-call-qna__487784.md
Analog Devices,ADI,2016-08-17,STRUCTURED_RESULT,q3-10q,FY2016Q3,1.0,Q3 2016,Quarterly Financial Report,challenge/offline-data/analog-devices/filings/2016-08-17__adi-us-20160817-q3-10q__487701.md
Analog Devices,ADI,2016-08-17,STRUCTURED_RESULT,q3-8k,FY2016Q3,1.0,Q3 2016,Third Quarter Financial Results and Fourth Quarter Outlook,challenge/offline-data/analog-devices/filings/2016-08-17__adi-us-20160817-q3-8k__488698.md
Analog Devices,ADI,2016-08-17,SLIDE,slide,FY2016Q3,1.0,Q3 2016,Third Quarter Earnings Release,challenge/offline-data/analog-devices/slides/2016-08-17__adi-us-20160817-slide__487911.md
Analog Devices,ADI,2016-05-18,EARNINGS_CALL,call-pres,FY2016Q2,1.0,Q2 2016,Q2 Earnings Conference Call,challenge/offline-data/analog-devices/call-transcripts/2016-05-18__adi-us-20160518-call-pres__488149.md
Analog Devices,ADI,2016-05-18,EARNINGS_CALL,call-qna,FY2016Q2,1.0,Q2 2016,Q2 2016 Earnings Call Transcript,challenge/offline-data/analog-devices/call-transcripts/2016-05-18__adi-us-20160518-call-qna__487855.md
Analog Devices,ADI,2016-05-18,STRUCTURED_RESULT,q2-10q,FY2016Q2,1.0,Q2 2016,Quarterly Report,challenge/offline-data/analog-devices/filings/2016-05-18__adi-us-20160518-q2-10q__487756.md
Analog Devices,ADI,2016-05-18,STRUCTURED_RESULT,q2-8k,FY2016Q2,1.0,Q2 2016,Second Quarter Fiscal Year Results and Third Quarter Outlook,challenge/offline-data/analog-devices/filings/2016-05-18__adi-us-20160518-q2-8k__486193.md
Analog Devices,ADI,2016-05-18,SLIDE,slide,FY2016Q2,1.0,Q2 2016,Second Quarter Earnings Release,challenge/offline-data/analog-devices/slides/2016-05-18__adi-us-20160518-slide__488785.md
Analog Devices,ADI,2016-02-17,EARNINGS_CALL,call-pres,FY2016Q1,1.0,Q1 2016,Q1 2016 Earnings Call,challenge/offline-data/analog-devices/call-transcripts/2016-02-17__adi-us-20160217-call-pres__488153.md
Analog Devices,ADI,2016-02-17,EARNINGS_CALL,call-qna,FY2016Q1,1.0,Q1 2016,Q1 Earnings Call Transcript,challenge/offline-data/analog-devices/call-transcripts/2016-02-17__adi-us-20160217-call-qna__487833.md
Analog Devices,ADI,2016-02-17,STRUCTURED_RESULT,q1-10q,FY2016Q1,1.0,Q1 2016,Quarterly Report,challenge/offline-data/analog-devices/filings/2016-02-17__adi-us-20160217-q1-10q__486263.md
Analog Devices,ADI,2016-02-17,STRUCTURED_RESULT,q1-8k,FY2016Q1,1.0,Q1 2016,First Quarter Financial Results and Second Quarter Outlook,challenge/offline-data/analog-devices/filings/2016-02-17__adi-us-20160217-q1-8k__488720.md
Analog Devices,ADI,2016-02-17,SLIDE,slide,FY2016Q1,1.0,Q1 2016,Quarterly Earnings Release and Guidance,challenge/offline-data/analog-devices/slides/2016-02-17__adi-us-20160217-slide__488840.md
Analog Devices,ADI,2016-01-28,GENERIC_FILING,filing,,1.0,FY 2015,Annual Meeting Proxy Statement,challenge/offline-data/analog-devices/filings/2016-01-28__adi-us-20160128-filing__487738.md
Analog Devices,ADI,2015-11-24,EARNINGS_CALL,call-pres,FY2015Q4,1.0,FY 2015,Q4 and Fiscal Year Earnings Conference Call,challenge/offline-data/analog-devices/call-transcripts/2015-11-24__adi-us-20151124-call-pres__487791.md
Analog Devices,ADI,2015-11-24,EARNINGS_CALL,call-qna,FY2015Q4,1.0,Q4 2015,Q4 Earnings Call Transcript,challenge/offline-data/analog-devices/call-transcripts/2015-11-24__adi-us-20151124-call-qna__486415.md
Analog Devices,ADI,2015-11-24,STRUCTURED_RESULT,q4-10k,FY2015Q4,1.0,FY 2015,Annual Report,challenge/offline-data/analog-devices/filings/2015-11-24__adi-us-20151124-q4-10k__488782.md
Analog Devices,ADI,2015-11-24,STRUCTURED_RESULT,q4-8k,FY2015Q4,1.0,FY 2015,Fourth Quarter and Fiscal Year Results and Outlook,challenge/offline-data/analog-devices/filings/2015-11-24__adi-us-20151124-q4-8k__488002.md
Analog Devices,ADI,2015-11-24,SLIDE,slide,FY2015Q4,1.0,FY 2015,Quarterly and Fiscal Year Earnings Release,challenge/offline-data/analog-devices/slides/2015-11-24__adi-us-20151124-slide__488208.md
Analog Devices,ADI,2015-08-18,EARNINGS_CALL,call-pres,FY2015Q3,1.0,Q3 2015,Third Quarter Fiscal Year Earnings Conference Call,challenge/offline-data/analog-devices/call-transcripts/2015-08-18__adi-us-20150818-call-pres__488930.md
Analog Devices,ADI,2015-08-18,EARNINGS_CALL,call-qna,FY2015Q3,1.0,Q3 2015,Q3 Earnings Call Q&A,challenge/offline-data/analog-devices/call-transcripts/2015-08-18__adi-us-20150818-call-qna__488890.md
Analog Devices,ADI,2015-08-18,STRUCTURED_RESULT,q3-10q,FY2015Q3,1.0,Q3 2015,Q3 2015 Quarterly Report,challenge/offline-data/analog-devices/filings/2015-08-18__adi-us-20150818-q3-10q__486266.md
Analog Devices,ADI,2015-08-18,STRUCTURED_RESULT,q3-8k,FY2015Q3,1.0,Q3 2015,Fiscal Third Quarter Results and Fourth Quarter Guidance,challenge/offline-data/analog-devices/filings/2015-08-18__adi-us-20150818-q3-8k__791743.md
Analog Devices,ADI,2015-05-19,EARNINGS_CALL,call-pres,FY2015Q2,1.0,Q2 2015,Second Quarter Fiscal 2015 Earnings Conference Call,challenge/offline-data/analog-devices/call-transcripts/2015-05-19__adi-us-20150519-call-pres__487834.md
Analog Devices,ADI,2015-05-19,EARNINGS_CALL,call-qna,FY2015Q2,1.0,Q2 2015,Quarterly Earnings Call Discussion,challenge/offline-data/analog-devices/call-transcripts/2015-05-19__adi-us-20150519-call-qna__486445.md
Analog Devices,ADI,2015-05-19,STRUCTURED_RESULT,q2-10q,FY2015Q2,1.0,Q2 2015,Quarterly Financial Report,challenge/offline-data/analog-devices/filings/2015-05-19__adi-us-20150519-q2-10q__486267.md
Analog Devices,ADI,2015-05-19,STRUCTURED_RESULT,q2-8k,FY2015Q2,1.0,Q2 2015,Second Quarter Fiscal Year 2015 Results and Third Quarter Outlook,challenge/offline-data/analog-devices/filings/2015-05-19__adi-us-20150519-q2-8k__488078.md
Analog Devices,ADI,2015-02-17,EARNINGS_CALL,call-pres,FY2015Q1,1.0,Q1 2015,First Quarter Earnings Conference Call,challenge/offline-data/analog-devices/call-transcripts/2015-02-17__adi-us-20150217-call-pres__487797.md
Analog Devices,ADI,2015-02-17,EARNINGS_CALL,call-qna,FY2015Q1,1.0,Q1 2015,Q1 2015 Earnings Call Transcript,challenge/offline-data/analog-devices/call-transcripts/2015-02-17__adi-us-20150217-call-qna__486447.md
Analog Devices,ADI,2015-02-17,STRUCTURED_RESULT,q1-10q,FY2015Q1,1.0,Q1 2015,Quarterly Report,challenge/offline-data/analog-devices/filings/2015-02-17__adi-us-20150217-q1-10q__487712.md
Analog Devices,ADI,2015-02-17,STRUCTURED_RESULT,q1-8k,FY2015Q1,1.0,Q1 2015,First Quarter Results and Dividend Increase,challenge/offline-data/analog-devices/filings/2015-02-17__adi-us-20150217-q1-8k__486332.md
Analog Devices,ADI,2015-01-29,GENERIC_FILING,filing,,1.0,FY 2015,Annual Meeting of Shareholders Proxy Statement,challenge/offline-data/analog-devices/filings/2015-01-29__adi-us-20150129-filing__488686.md
